[ 0.  0.  1.  1.  1.  1.  0.  0.  0.  1.  1.  1.  1.  1.  1.  0.  0.  1.
  1.  0.  0.  1.  1.  0.  0.  1.  1.  0.  0.  1.  1.  0.  0.  1.  1.  0.
  0.  1.  1.  0.  0.  1.  1.  0.  0.  1.  1.  0.  0.  1.  1.  1.  1.  1.
  1.  0.  0.  0.  1.  1.  1.  1.  0.  0.]nnn(64,)[ 0.  1.  1.  1.  0.  0.  0.  0.  0.  0.  1.  1.  0.  0.  0.  0.  0.  0.
  1.  1.  0.  0.  0.  0.  0.  0.  1.  1.  0.  0.  0.  0.  0.  0.  1.  1.
  0.  0.  0.  0.  0.  0.  1.  1.  0.  0.  0.  0.  0.  0.  1.  1.  0.  0.
  0.  0.  0.  0.  1.  1.  0.  0.  0.  0.]nnn(64,)[ 0.  0.  0.  0.  0.  0.  0.  0.  0.  1.  1.  1.  1.  1.  0.  0.  0.  0.
  0.  0.  1.  1.  0.  0.  0.  0.  0.  1.  1.  0.  0.  0.  0.  0.  1.  0.
  0.  0.  0.  0.  0.  1.  0.  0.  0.  0.  0.  0.  1.  1.  1.  1.  1.  1.
  0.  0.  1.  1.  1.  1.  1.  1.  0.  0.]nnn(64,)[ 0.  0.  0.  1.  1.  1.  1.  0.  0.  0.  0.  1.  1.  1.  1.  1.  0.  0.
  0.  0.  0.  0.  1.  1.  0.  0.  0.  0.  0.  1.  1.  0.  0.  0.  0.  0.
  1.  1.  1.  0.  0.  0.  0.  0.  0.  0.  1.  1.  0.  0.  0.  1.  1.  1.
  1.  1.  0.  0.  0.  1.  1.  1.  1.  0.]nnn(64,)[ 0.  0.  0.  0.  1.  1.  0.  0.  0.  0.  1.  1.  1.  1.  0.  0.  0.  1.
  1.  0.  1.  1.  0.  0.  0.  1.  1.  0.  1.  1.  0.  0.  1.  1.  1.  1.
  1.  1.  1.  0.  1.  1.  1.  1.  1.  1.  1.  0.  0.  0.  0.  0.  1.  1.
  0.  0.  0.  0.  0.  0.  1.  1.  0.  0.]nnn(64,)[ 1.  1.  1.  1.  1.  1.  0.  0.  1.  0.  0.  0.  0.  0.  0.  0.  1.  0.
  0.  0.  0.  0.  0.  0.  1.  1.  1.  1.  1.  0.  0.  0.  0.  0.  0.  0.
  1.  1.  0.  0.  0.  0.  0.  0.  1.  1.  0.  0.  0.  1.  0.  0.  1.  1.
  0.  0.  0.  1.  1.  1.  1.  0.  0.  0.]nnn(64,)[ 0.  0.  0.  1.  1.  1.  0.  0.  0.  0.  1.  0.  0.  0.  0.  0.  0.  1.
  0.  0.  0.  0.  0.  0.  0.  1.  1.  1.  1.  1.  1.  0.  0.  1.  0.  0.
  0.  0.  1.  1.  0.  1.  0.  0.  0.  0.  1.  1.  0.  1.  1.  0.  0.  0.
  1.  0.  0.  0.  0.  1.  1.  1.  1.  0.]nnn(64,)[ 0.  1.  1.  1.  1.  1.  1.  0.  0.  1.  1.  1.  1.  1.  1.  0.  0.  0.
  0.  0.  1.  1.  0.  0.  0.  0.  0.  1.  1.  0.  0.  0.  0.  0.  0.  1.
  1.  0.  0.  0.  0.  0.  1.  1.  0.  0.  0.  0.  0.  0.  1.  1.  0.  0.
  0.  0.  0.  1.  1.  0.  0.  0.  0.  0.]nnn(64,)[ 0.  0.  1.  1.  1.  1.  0.  0.  0.  1.  1.  0.  0.  1.  1.  0.  0.  1.
  1.  0.  0.  1.  1.  0.  0.  0.  1.  1.  1.  1.  0.  0.  0.  0.  1.  0.
  0.  1.  0.  0.  0.  1.  1.  0.  0.  1.  1.  0.  0.  1.  1.  1.  1.  1.
  1.  0.  0.  0.  1.  1.  1.  1.  0.  0.]nnn(64,)[ 0.  0.  1.  1.  1.  1.  0.  0.  0.  1.  1.  1.  1.  1.  1.  0.  0.  1.
  1.  0.  0.  1.  1.  1.  0.  0.  1.  1.  1.  1.  1.  1.  0.  0.  0.  0.
  0.  1.  1.  1.  0.  0.  0.  0.  0.  1.  1.  1.  0.  0.  0.  0.  0.  1.
  1.  0.  0.  0.  0.  1.  1.  1.  0.  0.]nnn(64,)[ 0.  0.  0.  1.  1.  0.  0.  0.  0.  0.  0.  1.  1.  0.  0.  0.  0.  0.
  1.  0.  0.  1.  0.  0.  0.  0.  1.  0.  0.  1.  0.  0.  0.  1.  1.  1.
  1.  1.  1.  0.  0.  1.  0.  0.  0.  0.  1.  0.  1.  1.  0.  0.  0.  0.
  1.  1.  1.  0.  0.  0.  0.  0.  0.  1.]nnn(64,)[ 0.  1.  1.  1.  1.  1.  0.  0.  0.  1.  1.  1.  1.  1.  1.  0.  0.  1.
  1.  0.  0.  1.  1.  0.  0.  1.  1.  1.  1.  1.  0.  0.  0.  1.  1.  1.
  1.  1.  1.  0.  0.  1.  1.  0.  0.  1.  1.  0.  0.  1.  1.  1.  1.  1.
  1.  0.  0.  1.  1.  1.  1.  1.  0.  0.]nnn(64,)[ 0.  0.  0.  1.  1.  1.  0.  0.  0.  0.  1.  1.  0.  1.  1.  0.  0.  1.
  1.  0.  0.  0.  0.  0.  0.  1.  0.  0.  0.  0.  0.  0.  0.  1.  0.  0.
  0.  0.  0.  0.  0.  1.  1.  0.  0.  0.  0.  0.  0.  0.  1.  1.  0.  1.
  1.  0.  0.  0.  0.  1.  1.  1.  0.  0.]nnn(64,)[ 0.  1.  1.  1.  1.  0.  0.  0.  0.  1.  0.  0.  0.  1.  0.  0.  0.  1.
  0.  0.  0.  0.  1.  0.  0.  1.  0.  0.  0.  0.  1.  0.  0.  1.  0.  0.
  0.  0.  1.  0.  0.  1.  0.  0.  0.  0.  1.  0.  0.  1.  0.  0.  0.  1.
  0.  0.  0.  1.  1.  1.  1.  0.  0.  0.]nnn(64,)[ 0.  1.  1.  1.  1.  1.  1.  0.  0.  1.  1.  1.  1.  1.  1.  0.  0.  1.
  1.  0.  0.  0.  0.  0.  0.  1.  1.  1.  1.  1.  0.  0.  0.  1.  1.  1.
  1.  1.  0.  0.  0.  1.  1.  0.  0.  0.  0.  0.  0.  1.  1.  1.  1.  1.
  1.  0.  0.  1.  1.  1.  1.  1.  1.  0.]nnn(64,)[ 0.  1.  1.  1.  1.  1.  1.  0.  0.  1.  1.  1.  1.  1.  1.  0.  0.  1.
  1.  0.  0.  0.  0.  0.  0.  1.  1.  1.  1.  1.  0.  0.  0.  1.  1.  1.
  1.  1.  0.  0.  0.  1.  1.  0.  0.  0.  0.  0.  0.  1.  1.  0.  0.  0.
  0.  0.  0.  1.  1.  0.  0.  0.  0.  0.]nnn(64,)[ 0.  0.  0.  1.  1.  1.  0.  0.  0.  0.  1.  1.  0.  1.  1.  0.  0.  1.
  1.  0.  0.  0.  0.  0.  0.  1.  0.  0.  0.  0.  0.  0.  0.  1.  0.  0.
  0.  1.  1.  1.  0.  1.  1.  0.  0.  0.  1.  1.  0.  0.  1.  1.  0.  1.
  1.  1.  0.  0.  0.  1.  1.  1.  0.  1.]nnn(64,)[ 0.  1.  1.  0.  0.  1.  1.  0.  0.  1.  1.  0.  0.  1.  1.  0.  0.  1.
  1.  0.  0.  1.  1.  0.  0.  1.  1.  1.  1.  1.  1.  0.  0.  1.  1.  1.
  1.  1.  1.  0.  0.  1.  1.  0.  0.  1.  1.  0.  0.  1.  1.  0.  0.  1.
  1.  0.  0.  1.  1.  0.  0.  1.  1.  0.]nnn(64,)[ 0.  0.  1.  1.  1.  1.  0.  0.  0.  0.  0.  1.  1.  0.  0.  0.  0.  0.
  0.  1.  1.  0.  0.  0.  0.  0.  0.  1.  1.  0.  0.  0.  0.  0.  0.  1.
  1.  0.  0.  0.  0.  0.  0.  1.  1.  0.  0.  0.  0.  0.  0.  1.  1.  0.
  0.  0.  0.  0.  1.  1.  1.  1.  0.  0.]nnn(64,)[ 0.  0.  0.  1.  1.  0.  0.  0.  0.  0.  0.  1.  1.  0.  0.  0.  0.  0.
  0.  1.  1.  0.  0.  0.  0.  0.  0.  1.  1.  0.  0.  0.  0.  0.  0.  1.
  1.  0.  0.  0.  1.  1.  0.  1.  1.  0.  0.  0.  1.  1.  1.  1.  1.  0.
  0.  0.  0.  1.  1.  1.  0.  0.  0.  0.]nnn(64,)[ 0.  1.  1.  0.  0.  0.  1.  1.  0.  1.  1.  0.  0.  1.  1.  0.  0.  1.
  1.  0.  1.  1.  0.  0.  0.  1.  1.  1.  1.  0.  0.  0.  0.  1.  1.  1.
  1.  0.  0.  0.  0.  1.  1.  0.  1.  1.  0.  0.  0.  1.  1.  0.  0.  1.
  1.  0.  0.  1.  1.  0.  0.  0.  1.  1.]nnn(64,)[ 0.  1.  1.  0.  0.  0.  0.  0.  0.  1.  1.  0.  0.  0.  0.  0.  0.  1.
  1.  0.  0.  0.  0.  0.  0.  1.  1.  0.  0.  0.  0.  0.  0.  1.  1.  0.
  0.  0.  0.  0.  0.  1.  1.  0.  0.  0.  0.  0.  0.  1.  1.  1.  1.  1.
  1.  0.  0.  1.  1.  1.  1.  1.  1.  0.]nnn(64,)[ 0.  1.  1.  0.  0.  1.  1.  0.  0.  1.  1.  0.  0.  1.  1.  0.  0.  1.
  1.  0.  0.  1.  1.  0.  0.  1.  1.  0.  0.  1.  1.  0.  0.  1.  1.  1.
  1.  1.  1.  0.  1.  1.  0.  1.  1.  0.  1.  1.  1.  1.  0.  1.  1.  0.
  1.  1.  1.  1.  0.  1.  1.  0.  1.  1.]nnn(64,)[ 1.  1.  0.  0.  0.  1.  1.  0.  1.  1.  1.  0.  0.  1.  1.  0.  1.  1.
  1.  1.  0.  1.  1.  0.  1.  1.  0.  1.  0.  1.  1.  0.  1.  1.  0.  1.
  1.  1.  1.  0.  1.  1.  0.  0.  1.  1.  1.  0.  1.  1.  0.  0.  1.  1.
  1.  0.  1.  1.  0.  0.  0.  1.  1.  0.]nnn(64,)[ 0.  0.  1.  1.  1.  1.  0.  0.  0.  1.  1.  0.  0.  1.  1.  0.  1.  1.
  0.  0.  0.  0.  1.  1.  1.  1.  0.  0.  0.  0.  1.  1.  1.  1.  0.  0.
  0.  0.  1.  1.  1.  1.  0.  0.  0.  0.  1.  1.  0.  1.  1.  0.  0.  1.
  1.  0.  0.  0.  1.  1.  1.  1.  0.  0.]nnn(64,)[ 1.  1.  1.  1.  1.  0.  0.  0.  1.  1.  1.  1.  1.  1.  0.  0.  1.  1.
  0.  0.  1.  1.  0.  0.  1.  1.  0.  0.  1.  1.  0.  0.  1.  1.  1.  1.
  1.  0.  0.  0.  1.  1.  0.  0.  0.  0.  0.  0.  1.  1.  0.  0.  0.  0.
  0.  0.  1.  1.  0.  0.  0.  0.  0.  0.]nnn(64,)[ 0.  0.  1.  1.  1.  1.  0.  0.  0.  1.  1.  0.  0.  1.  1.  0.  1.  1.
  0.  0.  0.  0.  1.  1.  1.  1.  0.  0.  0.  0.  1.  1.  1.  1.  0.  0.
  0.  0.  1.  1.  1.  1.  0.  0.  1.  0.  1.  1.  0.  1.  1.  0.  0.  1.
  1.  0.  0.  0.  1.  1.  1.  0.  1.  1.]nnn(64,)[ 1.  1.  1.  1.  1.  0.  0.  0.  1.  1.  1.  1.  1.  1.  0.  0.  1.  1.
  0.  0.  1.  1.  0.  0.  1.  1.  0.  0.  1.  1.  0.  0.  1.  1.  1.  1.
  1.  0.  0.  0.  1.  1.  0.  1.  1.  0.  0.  0.  1.  1.  0.  0.  1.  1.
  0.  0.  1.  1.  0.  0.  0.  1.  1.  0.]nnn(64,)[ 0.  0.  1.  1.  1.  1.  1.  0.  0.  1.  1.  1.  1.  1.  1.  0.  1.  1.
  0.  0.  0.  0.  0.  0.  1.  1.  1.  1.  0.  0.  0.  0.  0.  1.  1.  1.
  1.  1.  0.  0.  0.  0.  0.  0.  1.  1.  1.  0.  1.  1.  1.  1.  1.  1.
  1.  0.  1.  1.  1.  1.  1.  1.  0.  0.]nnn(64,)[ 0.  1.  1.  1.  1.  1.  1.  0.  0.  1.  1.  1.  1.  1.  1.  0.  0.  0.
  0.  1.  1.  0.  0.  0.  0.  0.  0.  1.  1.  0.  0.  0.  0.  0.  0.  1.
  1.  0.  0.  0.  0.  0.  0.  1.  1.  0.  0.  0.  0.  0.  0.  1.  1.  0.
  0.  0.  0.  0.  0.  1.  1.  0.  0.  0.]nnn(64,)[ 0.  1.  1.  0.  0.  1.  1.  0.  0.  1.  1.  0.  0.  1.  1.  0.  0.  1.
  1.  0.  0.  1.  1.  0.  0.  1.  1.  0.  0.  1.  1.  0.  0.  1.  1.  0.
  0.  1.  1.  0.  0.  1.  1.  0.  0.  1.  1.  0.  0.  0.  1.  1.  1.  1.
  0.  0.  0.  0.  1.  1.  1.  1.  0.  0.]nnn(64,)[ 1.  1.  0.  0.  0.  0.  1.  1.  0.  1.  0.  0.  0.  0.  1.  0.  0.  1.
  1.  0.  0.  1.  1.  0.  0.  0.  1.  0.  0.  1.  0.  0.  0.  0.  1.  0.
  0.  1.  0.  0.  0.  0.  1.  0.  0.  1.  0.  0.  0.  0.  0.  1.  1.  0.
  0.  0.  0.  0.  0.  1.  1.  0.  0.  0.]nnn(64,)[ 1.  1.  0.  0.  0.  0.  1.  1.  1.  1.  0.  1.  1.  0.  1.  1.  1.  1.
  0.  1.  1.  0.  1.  1.  0.  1.  1.  1.  1.  1.  1.  0.  0.  1.  1.  0.
  0.  1.  1.  0.  0.  1.  1.  0.  0.  1.  1.  0.  0.  1.  1.  0.  0.  1.
  1.  0.  0.  1.  1.  0.  0.  1.  1.  0.]nnn(64,)[ 1.  0.  0.  0.  0.  0.  0.  1.  0.  1.  0.  0.  0.  0.  1.  0.  0.  0.
  1.  0.  0.  1.  0.  0.  0.  0.  0.  1.  1.  0.  0.  0.  0.  0.  0.  1.
  1.  0.  0.  0.  0.  0.  1.  0.  0.  1.  0.  0.  0.  1.  0.  0.  0.  0.
  1.  0.  1.  0.  0.  0.  0.  0.  0.  1.]nnn(64,)[ 1.  0.  0.  0.  0.  0.  0.  1.  0.  1.  0.  0.  0.  0.  1.  0.  0.  0.
  1.  0.  0.  1.  0.  0.  0.  0.  0.  1.  1.  0.  0.  0.  0.  0.  0.  1.
  0.  0.  0.  0.  0.  0.  1.  0.  0.  0.  0.  0.  0.  1.  0.  0.  0.  0.
  0.  0.  1.  0.  0.  0.  0.  0.  0.  0.]nnn(64,)[ 1.  1.  1.  1.  1.  1.  1.  0.  1.  1.  1.  1.  1.  1.  1.  0.  0.  0.
  0.  0.  1.  1.  0.  0.  0.  0.  0.  1.  1.  0.  0.  0.  0.  0.  1.  1.
  0.  0.  0.  0.  0.  1.  1.  0.  0.  0.  0.  0.  1.  1.  1.  1.  1.  1.
  1.  0.  1.  1.  1.  1.  1.  1.  1.  0.]nnn(64,)